-424.05094506881846
-2138.9652984795703
-194.9147950679543
-1274.8115472388738
2386.2615043175233
2240.311064914476
-664.0567176373557
-2472.3274591582617
337.9793812821813
-1967.6493750939944
1096.846955405997
1240.3226752748092
-1233.2343803961355
2252.840352910698
1722.8762779316135
554.9893350395929
-1489.7021110017683
-1902.449379358684
255.56316697999162
-419.381211891714
-1206.2547245521632
-1825.293405272857
532.5913770912392
634.2371873989355
1137.8935311864868
-1903.5571684027032
1624.4151317656936
1765.96987295521
-525.6020893347363
2065.2344293818737
1081.4007874038161
-210.75354124376832
1579.4001906068534
1900.7699966819903
1858.512378229581
2100.034739755608
-1730.2457480597345
-1581.447299897707
1099.347526219931
1237.893487066925
-454.63757001212804
-806.416034711942
1774.899279609608
1966.8276110145289
1006.6323442219865
-479.1930410963835
1546.9020114809202
1635.3767116573565
